0
12345678901234567890123456789012345678901234567890
12345678901234567890123456789012345678901234567890
ÆÄÀÏ³¡!456789012345678901234567890
12345678901234567890123456789012345678901234567890
12345678901234567890123456789012345678901234567890
12345678901234567890123456789012345678901234567890
12345678901234567890123456789012345678901234567890
12345678901234567890123456789012345678901234567890
12345678901234567890123456789012345678901234567890
12345678901234567890123456789012345678901234567890
12345678901234567890123456789012345678901234567890
12345678901234567890123456789012345678901234567890
12345678901234567890123456789012345678901234567890
12345678901234567890123456789012345678901234567890
12345678901234567890123456789012345678901234567890
12345678901234567890123456789012345678901234567890
12345678901234567890123456789012345678901234567890
12345678901234567890123456789012345678901234567890
12345678901234567890123456789012345678901234567890
1234567890123456789012345678901234567890123456789